18.1
25.1
106.6
134.7
243.2
187.3
83.1
160.8
59.6
81.3
40.0
10.0
10.5
47.4
151.0
172.7
200.7
219.2
126.1
123.0
153.4
84.4
67.7
7.2
24.9
65.9
163.5
145.7
102.2
232.9
195.9
199.3
98.1
46.5
52.5
5.6
20.6
32.1
94.5
160.3
182.7
286.6
163.1
209.2
124.8
63.4
26.9
12.9
10.7
37.9
76.2
183.8
146.4
146.7
186.9
163.6
68.1
57.6
16.0
8.2
10.0
44.8
95.3
89.4
181.3
203.0
153.0
110.1
186.2
81.5
17.9
8.4
39.2
110.1
93.8
93.7
270.2
174.0
81.4
73.0
97.8
69.7
12.3
15.5
26.3
26.4
75.5
131.9
142.3
210.7
163.4
243.5
76.3
47.6
4.6
1.4
5.3
98.3
136.0
118.1
134.4
222.3
250.8
137.6
176.8
74.1
37.2
10.5
26.7
86.9
107.2
134.6
330.1
119.2
246.0
206.9
71.3
73.3
19.9
20.4
58.2
23.5
83.2
187.7
141.7
151.0
105.3
145.0
76.2
40.6
39.9
20.4
26.5
91.7
109.9
122.2
160.8
116.4
259.4
278.3
92.5
119.9
77.8
13.3
39.3
55.0
79.1
169.9
132.6
188.6
211.2
143.1
104.4
76.1
25.5
20.3
23.1
38.7
192.6
136.0
213.6
119.2
186.5
179.0
128.4
41.2
46.1
6.4
37.1
41.7
108.8
115.4
207.9
160.0
208.6
151.5
123.3
60.5
63.7
4.7
7.2
48.0
70.8
171.4
192.8
197.3
136.8
236.9
124.4
87.5
16.7
15.3
37.8
36.7
149.8
189.3
184.9
148.3
179.7
220.0
150.8
57.1
64.3
14.5
42.7
117.9
147.4
139.5
236.2
142.7
238.0
207.9
71.9
148.1
31.7
17.4
42.2
41.4
133.3
114.2
317.3
139.7
256.4
164.1
125.4
116.3
51.9
15.8
19.5
58.6
104.9
157.2
279.1
152.0
201.7
159.2
92.7
96.4
26.9
23.2
41.8
71.9
80.7
175.6
201.5
105.8
152.5
93.2
109.1
32.8
56.6
8.3
36.6
101.2
141.1
138.0
119.3
119.5
286.1
104.4
125.2
74.6
55.8
10.3
64.5
42.7
93.8
95.5
133.9
264.5
183.6
196.7
108.9
113.2
27.4
2.7
15.7
54.2
110.2
160.1
150.5
232.4
97.7
167.7
95.2
59.1
41.0
13.6
11.3
32.9
82.4
82.1
256.0
198.4
168.3
146.5
96.5
87.2
48.7
11.9
8.7
76.3
65.3
57.2
162.2
154.3
260.8
192.2
142.2
83.8
31.6
1.0
27.4
15.8
92.2
147.1
226.7
154.0
123.5
92.8
186.9
58.3
26.8
4.9
15.8
32.4
96.3
77.7
211.6
154.4
127.3
87.8
141.6
87.0
39.8
30.2
60.4
100.0
115.3
196.5
147.9
174.0
99.9
167.5
104.2
112.3
61.0
6.6
27.8
60.1
94.8
152.1
162.2
194.8
184.8
85.7
154.5
74.2
25.7
24.0
45.0
42.0
183.2
197.0
277.3
135.3
166.4
185.2
125.8
89.0
41.9
8.5
44.5
56.6
147.2
99.2
133.7
233.1
150.3
166.4
134.0
110.6
44.7
14.0
15.8
39.4
111.0
138.3
180.0
151.8
195.0
96.2
158.9
142.2
30.8
29.1
28.7
41.3
107.8
107.0
161.5
141.4
120.1
168.6
162.6
64.8
37.4
8.2
2.6
18.7
69.8
171.9
171.6
125.1
89.4
63.4
137.8
55.3
28.9
8.7
17.1
17.9
80.8
95.7
132.2
136.0
95.9
103.0
129.6
101.4
60.4
9.8
21.5
51.5
139.3
120.4
223.4
174.3
213.6
212.0
133.3
62.9
32.2
22.4
17.1
64.4
115.1
160.9
237.2
80.2
242.7
199.7
146.5
89.9
28.3
5.0
7.7
39.5
98.8
113.3
173.3
222.6
108.0
219.3
114.8
116.0
20.5
1.5
40.8
63.9
86.6
189.8
202.3
72.2
205.7
143.0
118.6
82.9
23.1
5.5
2.0
38.7
139.6
189.5
191.4
181.8
77.7
153.1
98.9
59.1
44.9
18.4
6.1
57.1
96.4
143.1
140.4
186.4
171.3
135.8
97.6
77.6
22.7
3.5
19.0
60.8
93.9
171.0
109.3
294.6
169.5
145.0
110.1
75.9
21.5
3.1
0.3
27.6
95.8
147.3
132.4
148.6
188.8
106.5
154.6
80.8
15.4
1.0
5.0
15.2
58.7
169.6
202.7
136.4
228.4
172.5
76.8
88.3
5.7
11.3
15.8
71.6
114.5
214.3
211.9
209.5
131.0
163.4
167.7
75.9
61.4
16.1
34.0
96.7
149.3
146.8
216.0
109.8
216.5
74.8
103.8
99.3
46.6
15.9
23.3
60.6
96.5
167.5
202.9
154.7
193.8
149.6
55.3
103.2
79.2
7.1
9.2
58.4
111.3
95.3
213.5
240.4
128.5
122.2
130.8
52.2
32.1
9.0
32.0
50.1
110.8
188.2
175.8
272.1
171.4
102.5
135.8
116.7
39.3
7.8
23.2
49.8
165.4
210.3
167.3
126.2
140.1
137.2
116.8
83.1
35.4
13.7
7.7
52.7
69.6
242.3
185.7
213.3
186.5
112.9
140.0
77.2
75.5
28.0
35.5
91.8
125.7
212.5
130.4
205.4
156.4
202.4
94.5
107.5
18.9
8.1
40.6
108.1
116.0
142.7
239.4
186.4
135.4
126.7
76.1
134.8
52.6
7.6
24.2
38.9
103.4
120.0
282.9
146.0
131.0
158.2
143.9
93.6
57.6
8.1
31.3
62.0
104.8
167.5
178.1
202.0
203.3
248.3
96.8
109.9
26.9
1.3
23.0
37.7
89.2
168.3
317.7
208.0
196.6
168.4
184.7
104.3
38.8
11.4
13.0
57.5
141.5
219.5
272.3
143.1
177.1
159.3
117.3
130.0
43.5
20.3
30.2
126.4
101.2
141.8
282.4
199.1
225.7
205.6
85.2
78.2
25.1
11.3
12.4
57.0
125.3
207.2
140.8
313.0
198.4
161.7
112.9
102.7
29.8
7.2
25.0
59.4
147.8
138.9
281.7
163.5
259.4
213.9
71.4
55.1
44.8
29.2
35.0
87.3
118.3
175.4
218.5
157.6
216.7
196.5
109.6
104.1
74.2
31.8
15.9
55.5
65.0
114.3
228.7
268.1
184.1
216.1
168.4
100.7
35.2
13.1
13.6
37.1
62.5
153.5
296.3
320.6
219.7
164.0
142.9
121.7
33.3
21.9
12.6
54.3
162.5
229.1
204.3
121.7
164.0
135.3
120.1
101.6
35.4
9.3
19.4
96.3
73.2
146.2
189.0
115.4
116.4
188.4
81.5
105.3
27.9
9.3
29.3
34.3
118.5
149.4
277.9
193.1
225.5
158.0
93.0
59.9
42.3
8.2
22.2
86.5
85.6
202.5
145.9
132.1
239.6
192.5
135.0
40.3
18.1
3.2
17.8
51.9
131.1
134.9
168.4
163.0
188.4
215.4
114.6
82.6
45.1
21.0
37.0
39.1
152.0
138.2
150.7
70.0
89.9
185.0
164.3
85.0
39.7
11.9
